block
172 91
S
0 0
0 1
0 2
0 3
0 4
0 5
0 6
0 7
0 8
0 9
0 10
0 11
0 12
0 13
0 14
0 80
0 81
0 82
0 83
0 84
0 85
0 86
0 87
0 88
0 89
0 90
0 91
0 92
1 0
1 92
2 0
2 92
3 0
3 92
4 0
4 92
5 0
5 92
6 0
6 92
7 0
7 92
8 0
8 92
9 0
9 92
10 0
10 92
11 0
11 92
12 0
12 92
13 0
13 92
14 0
14 92
15 0
15 92
16 0
16 92
17 0
17 92
18 0
18 92
19 0
19 92
20 0
20 92
21 0
21 92
22 0
22 92
23 0
23 92
24 0
24 92
25 0
25 92
26 0
26 92
27 0
27 92
28 0
28 92
29 0
29 92
30 0
30 92
31 0
31 92
32 0
32 92
33 0
33 92
34 0
34 92
35 0
35 25
35 26
35 27
35 28
35 29
35 30
35 31
35 92
36 0
36 23
36 24
36 25
36 26
36 27
36 28
36 29
36 30
36 31
36 32
36 33
36 92
37 0
37 22
37 23
37 24
37 25
37 26
37 27
37 28
37 29
37 30
37 31
37 32
37 33
37 34
37 92
38 0
38 21
38 22
38 23
38 24
38 25
38 26
38 27
38 28
38 29
38 30
38 31
38 32
38 33
38 34
38 35
38 62
38 63
38 64
38 92
39 0
39 20
39 21
39 22
39 23
39 24
39 25
39 26
39 27
39 28
39 29
39 30
39 31
39 32
39 33
39 34
39 35
39 36
39 58
39 59
39 60
39 61
39 62
39 63
39 64
39 65
39 66
39 67
39 92
40 0
40 19
40 20
40 21
40 22
40 23
40 24
40 25
40 26
40 27
40 28
40 29
40 30
40 31
40 32
40 33
40 34
40 35
40 36
40 37
40 57
40 58
40 59
40 60
40 61
40 62
40 63
40 64
40 65
40 66
40 67
40 68
40 69
40 92
41 0
41 19
41 20
41 21
41 22
41 23
41 24
41 25
41 26
41 27
41 28
41 29
41 30
41 31
41 32
41 33
41 34
41 35
41 36
41 37
41 55
41 56
41 57
41 58
41 59
41 60
41 61
41 62
41 63
41 64
41 65
41 66
41 67
41 68
41 69
41 70
41 92
42 0
42 19
42 20
42 21
42 22
42 23
42 24
42 25
42 26
42 27
42 28
42 29
42 30
42 31
42 32
42 33
42 34
42 35
42 36
42 37
42 54
42 55
42 56
42 57
42 58
42 59
42 60
42 61
42 62
42 63
42 64
42 65
42 66
42 67
42 68
42 69
42 70
42 71
42 72
42 92
43 0
43 18
43 19
43 20
43 21
43 22
43 23
43 24
43 25
43 26
43 27
43 28
43 29
43 30
43 31
43 32
43 33
43 34
43 35
43 36
43 37
43 38
43 60
43 61
43 62
43 63
43 64
43 65
43 66
43 67
43 68
43 69
43 70
43 71
43 72
43 92
44 0
44 18
44 19
44 20
44 21
44 22
44 23
44 24
44 25
44 26
44 27
44 28
44 29
44 30
44 31
44 32
44 33
44 34
44 35
44 36
44 37
44 38
44 62
44 63
44 64
44 65
44 66
44 67
44 68
44 69
44 70
44 71
44 72
44 73
44 92
45 0
45 18
45 19
45 20
45 21
45 22
45 23
45 24
45 25
45 26
45 27
45 28
45 29
45 30
45 31
45 32
45 33
45 34
45 35
45 36
45 37
45 38
45 64
45 65
45 66
45 67
45 68
45 69
45 70
45 71
45 72
45 73
45 74
45 92
46 0
46 18
46 19
46 20
46 21
46 22
46 23
46 24
46 25
46 26
46 27
46 28
46 29
46 30
46 31
46 32
46 33
46 34
46 35
46 36
46 37
46 38
46 65
46 66
46 67
46 68
46 69
46 70
46 71
46 72
46 73
46 74
46 92
47 0
47 18
47 19
47 20
47 21
47 22
47 23
47 24
47 25
47 26
47 27
47 28
47 29
47 30
47 31
47 32
47 33
47 34
47 35
47 36
47 37
47 38
47 66
47 67
47 68
47 69
47 70
47 71
47 72
47 73
47 74
47 75
47 92
48 0
48 18
48 19
48 20
48 21
48 22
48 23
48 24
48 25
48 26
48 27
48 28
48 29
48 30
48 31
48 32
48 33
48 34
48 35
48 36
48 37
48 38
48 67
48 68
48 69
48 70
48 71
48 72
48 73
48 74
48 75
48 92
49 0
49 19
49 20
49 21
49 22
49 23
49 24
49 25
49 26
49 27
49 28
49 29
49 30
49 31
49 32
49 33
49 34
49 35
49 36
49 37
49 68
49 69
49 70
49 71
49 72
49 73
49 74
49 75
49 92
50 0
50 19
50 20
50 21
50 22
50 23
50 24
50 25
50 26
50 27
50 28
50 29
50 30
50 31
50 32
50 33
50 34
50 35
50 36
50 37
50 69
50 70
50 71
50 72
50 73
50 74
50 75
50 92
51 0
51 19
51 20
51 21
51 22
51 23
51 24
51 25
51 26
51 27
51 28
51 29
51 30
51 31
51 32
51 33
51 34
51 35
51 36
51 37
51 70
51 71
51 72
51 73
51 74
51 75
51 76
51 92
52 0
52 20
52 21
52 22
52 23
52 24
52 25
52 26
52 27
52 28
52 29
52 30
52 31
52 32
52 33
52 34
52 35
52 36
52 70
52 71
52 72
52 73
52 74
52 75
52 76
52 92
53 0
53 21
53 22
53 23
53 24
53 25
53 26
53 27
53 28
53 29
53 30
53 31
53 32
53 33
53 34
53 35
53 71
53 72
53 73
53 74
53 75
53 76
53 92
54 0
54 22
54 23
54 24
54 25
54 26
54 27
54 28
54 29
54 30
54 31
54 32
54 33
54 34
54 71
54 72
54 73
54 74
54 75
54 76
54 92
55 0
55 23
55 24
55 25
55 26
55 27
55 28
55 29
55 30
55 31
55 32
55 33
55 71
55 72
55 73
55 74
55 75
55 76
55 92
56 0
56 25
56 26
56 27
56 28
56 29
56 30
56 31
56 72
56 73
56 74
56 75
56 76
56 92
57 0
57 72
57 73
57 74
57 75
57 92
58 0
58 72
58 73
58 74
58 75
58 92
59 0
59 73
59 74
59 75
59 92
60 0
60 73
60 74
60 92
61 0
61 73
61 74
61 92
62 0
62 73
62 92
63 0
63 44
63 45
63 46
63 47
63 48
63 49
63 50
63 51
63 52
63 53
63 54
63 55
63 56
63 57
63 58
63 59
63 60
63 61
63 62
63 73
63 92
64 0
64 44
64 45
64 46
64 47
64 48
64 49
64 50
64 51
64 52
64 53
64 54
64 55
64 56
64 57
64 58
64 59
64 60
64 61
64 62
64 72
64 73
64 92
65 0
65 44
65 45
65 46
65 47
65 48
65 49
65 50
65 51
65 52
65 53
65 54
65 55
65 56
65 57
65 58
65 59
65 60
65 61
65 62
65 92
66 0
66 44
66 45
66 46
66 47
66 48
66 49
66 50
66 51
66 52
66 53
66 54
66 55
66 56
66 57
66 58
66 59
66 60
66 61
66 62
66 92
67 0
67 44
67 45
67 46
67 47
67 48
67 49
67 50
67 51
67 52
67 53
67 54
67 55
67 56
67 57
67 58
67 59
67 60
67 61
67 62
67 92
68 0
68 44
68 45
68 46
68 47
68 48
68 49
68 50
68 51
68 52
68 53
68 54
68 55
68 56
68 57
68 58
68 59
68 60
68 61
68 62
68 92
69 0
69 44
69 45
69 46
69 47
69 48
69 49
69 50
69 51
69 52
69 53
69 54
69 55
69 56
69 57
69 58
69 59
69 60
69 61
69 62
69 92
70 0
70 44
70 45
70 46
70 47
70 48
70 49
70 50
70 51
70 52
70 53
70 54
70 55
70 56
70 57
70 58
70 59
70 60
70 61
70 62
70 92
71 0
71 44
71 45
71 46
71 47
71 48
71 49
71 50
71 51
71 52
71 53
71 54
71 55
71 56
71 57
71 58
71 59
71 60
71 61
71 62
71 92
72 0
72 44
72 45
72 46
72 47
72 48
72 49
72 50
72 51
72 52
72 53
72 54
72 55
72 56
72 57
72 58
72 59
72 60
72 61
72 62
72 92
73 0
73 44
73 45
73 46
73 47
73 48
73 49
73 50
73 51
73 52
73 53
73 54
73 55
73 56
73 57
73 58
73 59
73 60
73 61
73 62
73 92
74 0
74 44
74 45
74 46
74 47
74 48
74 49
74 50
74 51
74 52
74 53
74 54
74 55
74 56
74 57
74 58
74 59
74 60
74 61
74 62
74 92
75 0
75 44
75 45
75 46
75 47
75 48
75 49
75 50
75 51
75 52
75 53
75 54
75 55
75 56
75 57
75 58
75 59
75 60
75 61
75 62
75 92
76 0
76 44
76 45
76 46
76 47
76 48
76 49
76 50
76 51
76 52
76 53
76 54
76 55
76 56
76 57
76 58
76 59
76 60
76 61
76 62
76 92
77 0
77 44
77 45
77 46
77 47
77 48
77 49
77 50
77 51
77 52
77 53
77 54
77 55
77 56
77 57
77 58
77 59
77 60
77 61
77 62
77 92
78 0
78 44
78 45
78 46
78 47
78 48
78 49
78 50
78 51
78 52
78 53
78 54
78 55
78 56
78 57
78 58
78 59
78 60
78 61
78 62
78 92
79 0
79 44
79 45
79 46
79 47
79 48
79 49
79 50
79 51
79 52
79 53
79 54
79 55
79 56
79 57
79 58
79 59
79 60
79 61
79 62
79 92
80 0
80 23
80 44
80 45
80 46
80 47
80 48
80 49
80 50
80 51
80 52
80 53
80 54
80 55
80 56
80 57
80 58
80 59
80 60
80 61
80 62
80 92
81 0
81 22
81 23
81 44
81 45
81 46
81 47
81 48
81 49
81 50
81 51
81 52
81 53
81 54
81 55
81 56
81 57
81 58
81 59
81 60
81 61
81 62
81 92
82 0
82 22
82 23
82 44
82 45
82 46
82 47
82 48
82 49
82 50
82 51
82 52
82 53
82 54
82 55
82 56
82 57
82 58
82 59
82 60
82 61
82 62
82 92
83 0
83 22
83 23
83 24
83 44
83 45
83 46
83 47
83 48
83 49
83 50
83 51
83 52
83 53
83 54
83 55
83 56
83 57
83 58
83 59
83 60
83 61
83 62
83 92
84 0
84 22
84 23
84 24
84 44
84 45
84 46
84 47
84 48
84 49
84 50
84 51
84 52
84 53
84 54
84 55
84 56
84 57
84 58
84 59
84 60
84 61
84 62
84 92
85 0
85 21
85 22
85 23
85 24
85 44
85 45
85 46
85 47
85 48
85 49
85 50
85 51
85 52
85 53
85 54
85 55
85 56
85 57
85 58
85 59
85 60
85 61
85 62
85 92
86 0
86 21
86 22
86 23
86 24
86 44
86 45
86 46
86 47
86 48
86 49
86 50
86 51
86 52
86 53
86 54
86 55
86 56
86 57
86 58
86 59
86 60
86 61
86 62
86 92
87 0
87 21
87 22
87 23
87 24
87 25
87 44
87 45
87 46
87 47
87 48
87 49
87 50
87 51
87 52
87 53
87 54
87 55
87 56
87 57
87 58
87 59
87 60
87 61
87 62
87 92
88 0
88 21
88 22
88 23
88 24
88 25
88 92
89 0
89 21
89 22
89 23
89 24
89 25
89 26
89 92
90 0
90 21
90 22
90 23
90 24
90 25
90 26
90 92
91 0
91 21
91 22
91 23
91 24
91 25
91 26
91 27
91 92
92 0
92 21
92 22
92 23
92 24
92 25
92 26
92 27
92 28
92 92
93 0
93 21
93 22
93 23
93 24
93 25
93 26
93 27
93 28
93 92
94 0
94 21
94 22
94 23
94 24
94 25
94 26
94 27
94 28
94 29
94 92
95 0
95 22
95 23
95 24
95 25
95 26
95 27
95 28
95 29
95 30
95 92
96 0
96 22
96 23
96 24
96 25
96 26
96 27
96 28
96 29
96 30
96 31
96 92
97 0
97 22
97 23
97 24
97 25
97 26
97 27
97 28
97 29
97 30
97 31
97 32
97 33
97 92
98 0
98 23
98 24
98 25
98 26
98 27
98 28
98 29
98 30
98 31
98 32
98 33
98 34
98 92
99 0
99 23
99 24
99 25
99 26
99 27
99 28
99 29
99 30
99 31
99 32
99 33
99 34
99 35
99 36
99 92
100 0
100 24
100 25
100 26
100 27
100 28
100 29
100 30
100 31
100 32
100 33
100 34
100 35
100 36
100 37
100 38
100 92
101 0
101 25
101 26
101 27
101 28
101 29
101 30
101 31
101 32
101 33
101 34
101 35
101 36
101 37
101 38
101 39
101 40
101 41
101 42
101 43
101 92
102 0
102 25
102 26
102 27
102 28
102 29
102 30
102 31
102 32
102 33
102 34
102 35
102 36
102 37
102 38
102 39
102 40
102 41
102 42
102 43
102 44
102 45
102 46
102 47
102 92
103 0
103 26
103 27
103 28
103 29
103 30
103 31
103 32
103 33
103 34
103 35
103 36
103 37
103 38
103 39
103 40
103 41
103 42
103 43
103 44
103 45
103 46
103 92
104 0
104 27
104 28
104 29
104 30
104 31
104 32
104 33
104 34
104 35
104 36
104 37
104 38
104 39
104 40
104 41
104 42
104 43
104 44
104 45
104 92
105 0
105 29
105 30
105 31
105 32
105 33
105 34
105 35
105 36
105 37
105 38
105 39
105 40
105 41
105 42
105 43
105 44
105 92
106 0
106 31
106 32
106 33
106 34
106 35
106 36
106 37
106 38
106 39
106 40
106 41
106 42
106 92
107 0
107 34
107 35
107 36
107 37
107 38
107 39
107 92
108 0
108 74
108 75
108 76
108 77
108 92
109 0
109 71
109 72
109 73
109 74
109 75
109 76
109 92
110 0
110 71
110 72
110 73
110 74
110 75
110 76
110 77
110 92
111 0
111 71
111 72
111 73
111 74
111 75
111 76
111 92
112 0
112 71
112 72
112 73
112 74
112 75
112 76
112 77
112 92
113 0
113 71
113 72
113 73
113 74
113 75
113 76
113 92
114 0
114 71
114 72
114 73
114 74
114 75
114 76
114 82
114 83
114 84
114 85
114 92
115 0
115 71
115 72
115 73
115 74
115 75
115 76
115 77
115 79
115 80
115 81
115 82
115 83
115 84
115 85
115 92
116 0
116 30
116 71
116 72
116 73
116 74
116 75
116 76
116 77
116 78
116 79
116 80
116 81
116 82
116 83
116 84
116 85
116 92
117 0
117 30
117 71
117 72
117 73
117 74
117 75
117 76
117 77
117 78
117 79
117 80
117 81
117 82
117 83
117 84
117 85
117 92
118 0
118 30
118 31
118 71
118 72
118 73
118 74
118 75
118 76
118 77
118 78
118 79
118 80
118 81
118 82
118 83
118 84
118 85
118 92
119 0
119 30
119 31
119 68
119 69
119 70
119 71
119 72
119 73
119 74
119 75
119 76
119 77
119 78
119 79
119 80
119 81
119 82
119 83
119 84
119 85
119 92
120 0
120 29
120 30
120 31
120 32
120 66
120 67
120 68
120 69
120 70
120 71
120 72
120 73
120 74
120 75
120 76
120 77
120 78
120 79
120 80
120 81
120 82
120 83
120 84
120 92
121 0
121 29
121 30
121 31
121 32
121 33
121 63
121 64
121 65
121 66
121 67
121 68
121 69
121 70
121 71
121 72
121 73
121 74
121 75
121 76
121 77
121 78
121 79
121 80
121 81
121 92
122 0
122 29
122 30
122 31
122 32
122 33
122 62
122 63
122 64
122 65
122 66
122 67
122 68
122 69
122 70
122 71
122 72
122 73
122 74
122 75
122 76
122 77
122 78
122 79
122 92
123 0
123 29
123 30
123 31
123 32
123 33
123 34
123 62
123 63
123 64
123 65
123 66
123 67
123 68
123 69
123 70
123 71
123 72
123 73
123 74
123 75
123 76
123 92
124 0
124 29
124 30
124 31
124 32
124 33
124 34
124 62
124 63
124 64
124 65
124 66
124 67
124 68
124 69
124 70
124 71
124 72
124 73
124 74
124 75
124 76
124 92
125 0
125 29
125 30
125 31
125 32
125 33
125 34
125 35
125 62
125 63
125 64
125 65
125 66
125 67
125 68
125 69
125 70
125 71
125 72
125 73
125 74
125 75
125 76
125 92
126 0
126 29
126 30
126 31
126 32
126 33
126 34
126 35
126 62
126 63
126 64
126 65
126 66
126 67
126 68
126 70
126 71
126 72
126 73
126 74
126 75
126 76
126 92
127 0
127 29
127 30
127 31
127 32
127 33
127 34
127 35
127 36
127 62
127 63
127 64
127 65
127 71
127 72
127 73
127 74
127 75
127 76
127 92
128 0
128 29
128 30
128 31
128 32
128 33
128 34
128 35
128 36
128 71
128 72
128 73
128 74
128 75
128 76
128 92
129 0
129 27
129 28
129 29
129 30
129 31
129 32
129 33
129 34
129 35
129 36
129 37
129 70
129 71
129 72
129 73
129 74
129 75
129 76
129 92
130 0
130 25
130 26
130 27
130 28
130 29
130 30
130 31
130 32
130 33
130 34
130 35
130 36
130 37
130 71
130 72
130 73
130 74
130 75
130 76
130 92
131 0
131 22
131 23
131 24
131 25
131 26
131 27
131 28
131 29
131 30
131 31
131 32
131 33
131 34
131 35
131 36
131 37
131 38
131 70
131 71
131 72
131 73
131 74
131 75
131 76
131 92
132 0
132 20
132 21
132 22
132 23
132 24
132 25
132 26
132 27
132 28
132 29
132 30
132 31
132 32
132 33
132 34
132 35
132 36
132 37
132 38
132 39
132 71
132 72
132 73
132 74
132 75
132 76
132 92
133 0
133 18
133 19
133 20
133 21
133 22
133 23
133 24
133 25
133 26
133 27
133 28
133 29
133 30
133 31
133 32
133 33
133 34
133 35
133 36
133 37
133 38
133 39
133 70
133 71
133 72
133 73
133 92
134 0
134 22
134 23
134 24
134 25
134 26
134 27
134 28
134 29
134 30
134 31
134 32
134 33
134 34
134 35
134 36
134 37
134 38
134 39
134 40
134 92
135 0
135 28
135 29
135 30
135 31
135 32
135 33
135 34
135 35
135 36
135 37
135 38
135 39
135 40
135 92
136 0
136 35
136 36
136 37
136 38
136 39
136 40
136 41
136 92
137 0
137 92
138 0
138 92
139 0
139 92
140 0
140 92
141 0
141 92
142 0
142 92
143 0
143 92
144 0
144 27
144 92
145 0
145 26
145 27
145 28
145 92
146 0
146 25
146 26
146 27
146 28
146 29
146 92
147 0
147 24
147 25
147 26
147 27
147 28
147 29
147 30
147 51
147 92
148 0
148 24
148 25
148 26
148 27
148 28
148 29
148 30
148 31
148 51
148 52
148 92
149 0
149 25
149 26
149 27
149 28
149 29
149 30
149 31
149 32
149 51
149 52
149 53
149 54
149 92
150 0
150 26
150 27
150 28
150 29
150 30
150 31
150 32
150 33
150 51
150 52
150 53
150 54
150 55
150 92
151 0
151 26
151 27
151 28
151 29
151 30
151 31
151 32
151 33
151 51
151 52
151 53
151 54
151 55
151 56
151 57
151 92
152 0
152 25
152 26
152 27
152 28
152 29
152 30
152 31
152 32
152 51
152 52
152 53
152 54
152 55
152 56
152 57
152 58
152 59
152 92
153 0
153 24
153 25
153 26
153 27
153 28
153 29
153 30
153 31
153 51
153 52
153 53
153 54
153 55
153 56
153 57
153 58
153 59
153 60
153 92
154 0
154 23
154 24
154 25
154 26
154 27
154 28
154 29
154 30
154 52
154 53
154 54
154 55
154 56
154 57
154 58
154 59
154 60
154 61
154 62
154 92
155 0
155 22
155 23
155 24
155 25
155 26
155 27
155 28
155 29
155 52
155 53
155 54
155 55
155 56
155 57
155 58
155 59
155 60
155 61
155 62
155 63
155 92
156 0
156 21
156 22
156 23
156 24
156 25
156 26
156 27
156 28
156 52
156 53
156 54
156 55
156 56
156 57
156 58
156 59
156 60
156 61
156 62
156 92
157 0
157 20
157 21
157 22
157 23
157 24
157 25
157 26
157 27
157 52
157 53
157 54
157 55
157 56
157 57
157 58
157 59
157 60
157 92
158 0
158 19
158 20
158 21
158 22
158 23
158 24
158 25
158 26
158 52
158 53
158 54
158 55
158 56
158 57
158 58
158 59
158 92
159 0
159 19
159 20
159 21
159 22
159 23
159 24
159 25
159 52
159 53
159 54
159 55
159 56
159 57
159 92
160 0
160 20
160 21
160 22
160 23
160 24
160 52
160 53
160 54
160 55
160 56
160 92
161 0
161 21
161 22
161 23
161 53
161 54
161 92
162 0
162 22
162 52
162 53
162 92
163 0
163 92
164 0
164 92
165 0
165 92
166 0
166 92
167 0
167 92
168 0
168 92
169 0
169 92
170 0
170 92
171 0
171 92
172 0
172 92
173 0
173 1
173 2
173 3
173 4
173 5
173 6
173 7
173 8
173 9
173 10
173 11
173 12
173 80
173 81
173 82
173 83
173 84
173 85
173 86
173 87
173 88
173 89
173 90
173 91
173 92
INLET
0 15
0 16
0 17
0 18
0 19
0 20
0 21
0 22
0 23
0 24
0 25
0 26
0 27
0 28
0 29
0 30
0 31
0 32
0 33
0 34
0 35
0 36
0 37
0 38
0 39
0 40
0 41
0 42
0 43
0 44
0 45
0 46
0 47
0 48
0 49
0 50
0 51
0 52
0 53
0 54
0 55
0 56
0 57
0 58
0 59
0 60
0 61
0 62
0 63
0 64
0 65
0 66
0 67
0 68
0 69
0 70
0 71
0 72
0 73
0 74
0 75
0 76
0 77
0 78
0 79
OUTLET
173 13
173 14
173 15
173 16
173 17
173 18
173 19
173 20
173 21
173 22
173 23
173 24
173 25
173 26
173 27
173 28
173 29
173 30
173 31
173 32
173 33
173 34
173 35
173 36
173 37
173 38
173 39
173 40
173 41
173 42
173 43
173 44
173 45
173 46
173 47
173 48
173 49
173 50
173 51
173 52
173 53
173 54
173 55
173 56
173 57
173 58
173 59
173 60
173 61
173 62
173 63
173 64
173 65
173 66
173 67
173 68
173 69
173 70
173 71
173 72
173 73
173 74
173 75
173 76
173 77
173 78
173 79
